849.95	70	1.2	
745.95	73	0.8	
478.9	50	1.1	
103.23	74	1.5	
655.99	69	1.3	
712.19	69	1.2	
948.32	74	0.7	
818.21	41	1.1	
884.33	69	0.7	
181.21	2	1.5	
185.48	23	1	
659.09	30	0.6	
421.01	40	1	
137.91	38	0.9	
137.87	23	1.1	
919.48	69	0.7	
565.47	24	0.7	
30.78	42	0.7	
464.75	35	0.7	
40.14	31	1.1	
436.98	53	0.9	
348.37	18	1.2	
230.69	75	0.8	
12.33	33	1.4	
868.62	43	0.7	
940.14	6	0.9	
410.9	57	0.7	
664.37	20	1.5	
870.65	22	1.4	
127.98	11	1.1	
382.89	49	1	
31.54	7	0.7	
82.47	20	1.5	
694.8	75	1.1	
220.78	41	0.7	
834.04	42	0.8	
19.39	63	1.3	
326.14	18	0.7	
340.89	24	1.1	
802.73	56	0.6	
277.78	33	0.9	
260.19	68	0.7	
949.54	46	1.3	
756.64	4	1	
709.2	61	0.7	
371.7	30	0.9	
695.97	14	1	
231.17	16	0.7	
831.37	61	1.1	
714.67	25	0.9	
935.65	61	1.5	
320.62	46	1	
611.15	45	1	
918.44	37	1	
661.34	39	0.8	
433.21	32	0.7	
391.58	5	0.8	
731.65	3	0.7	
21.51	51	1.5	
21.64	66	1.2	
942.53	16	0.6	
797.93	24	0.8	
297.86	31	0.8	
126.63	55	1.3	
111.57	46	1.2	
667.21	29	0.9	
855.9	10	1.1	
356.01	14	1	
98.81	36	1	
695.93	34	0.9	
914.78	24	1.5	
876.1	40	0.9	
256.68	30	1	
349.35	20	0.7	
644.57	50	1.1	
37.29	65	1	
442.92	13	1	
288.64	25	1.5	
491.7	10	1.2	
310.04	75	1.4	
772.02	49	1.4	
945.29	54	0.6	
555.12	66	0.6	
352.45	6	0.6	
77.8	35	0.5	
774.99	6	1.3	
408.06	39	1.5	
385.13	50	1.1	
316.67	53	0.6	
402.84	11	0.8	
702.62	5	1.5	
173.77	53	0.7	
228.72	33	0.8	
21.31	59	0.6	
646.26	51	1.4	
454.65	72	1.2	
30.6	18	1.5	
42.36	48	0.9	
721.88	13	1.1	
942.74	64	1.1	
541.48	51	1.3	
414.49	27	1	
234.85	44	0.8	
817.04	3	1.4	
300.72	43	1.5	
755.32	14	1.3	
253.07	43	0.8	
862.27	10	1.2	
922.76	19	0.7	
800.07	10	0.7	
737.92	53	0.5	
420.79	37	1	
152.16	67	0.8	
145.83	31	0.6	
626.44	20	0.9	
13.37	59	0.9	
948.92	35	1.2	
761.31	68	0.8	
276.95	29	0.7	
481.97	59	1.1	
491.11	38	1.3	
271.4	16	1.4	
632.88	36	1.5	
912.59	18	1.4	
589.47	16	1.1	
615.62	2	0.8	
371.43	54	0.5	
90.66	42	0.8	
185.44	36	1.1	
359.11	43	0.5	
626.16	62	0.6	
786.49	46	0.9	
471.43	66	1.2	
904.6	43	0.9	
124.44	32	1.4	
842.53	74	1.3	
129.4	34	1.3	
953.51	22	0.6	
643.38	40	0.9	
879.38	35	1.4	
150.86	6	0.9	
593.83	6	0.7	
519.44	75	1.5	
331.76	73	1.2	
918.6	10	0.7	
112.45	35	0.8	
549.72	25	0.9	
750.55	44	0.8	
777.85	52	0.9	
158.82	7	1.3	
554.58	25	0.5	
661.67	66	1.4	
161.46	3	0.6	
907.12	67	1.4	
853.83	67	1.2	
477.26	53	0.8	
541.11	73	1.2	
613.17	38	1.3	
780.71	32	1.2	
769.16	71	1.2	
493.6	37	0.7	
762.53	60	0.8	
200.05	21	0.7	
319.75	36	0.7	
318.56	50	1.1	
335.47	49	1.4	
289.39	68	0.9	
159.33	57	0.6	
241.12	54	0.7	
614.7	44	0.6	
183.75	31	0.9	
124.54	72	1.1	
720.02	38	1	
430.83	28	0.7	
317.13	44	0.6	
606.48	18	0.8	
359.28	58	1.3	
100.78	35	0.7	
536.02	46	1	
22.19	55	1.4	
748.32	31	0.9	
803.65	53	1.2	
32.09	15	0.8	
297.74	12	1.2	
72.69	41	1.5	
918.42	3	1.4	
603.96	75	1.1	
375.85	75	1.1	
865.14	26	0.9	
77.61	62	0.9	
69.5	64	0.9	
95.61	14	0.5	
923.24	6	1.4	
410.49	32	0.9	
252.85	62	1.3	
136.81	47	1.3	
47.71	42	1.3	
259.3	36	1	
822.15	24	0.9	
555.59	52	1.1	
772.18	73	1.3	
871.61	35	0.6	
276.41	36	1.1	
683.36	58	1.3	
662.71	57	0.8	
1.59	64	1.3	
11.98	54	0.7	
255.23	15	1	
822.38	42	1.4	
792.57	62	0.5	
721.37	33	0.8	
379.06	50	1.1	
663.53	34	1.3	
883.21	62	0.6	
69.24	27	0.7	
470.84	2	0.8	
7.24	16	0.7	
738.96	29	1.3	
572.74	34	1	
846.89	53	0.7	
857.29	32	1.4	
480.49	1	1.3	
565.37	4	1.1	
358.01	20	1.3	
292.29	64	0.8	
160.22	6	0.5	
565.87	2	0.7	
115.32	61	0.8	
507.71	8	1.4	
7.83	63	0.9	
145.82	59	0.7	
632.37	53	0.5	
595.91	49	1.4	
65.47	72	0.5	
571.62	39	1.2	
832.69	58	1.4	
860.17	27	0.5	
782.84	62	0.5	
9.12	55	0.5	
386.62	61	0.9	
475.32	26	0.7	
822.18	28	1.5	
520.87	54	1.2	
546.08	7	1.5	
895.19	65	1.1	
492.73	53	1.3	
258.49	8	1.2	
720.33	8	0.9	
404.08	59	1	
894.15	32	1.2	
634.74	51	1.2	
400.96	37	1.3	
576.57	13	0.9	
477.85	2	0.6	
852.07	8	0.9	
298.46	47	1.4	
107.44	50	0.7	
654.86	2	1	
806.51	15	1.3	
697.84	2	1	
220.43	11	1.3	
928.92	27	0.6	
878.2	7	0.8	
835.23	7	1	
501.7	20	1.4	
292.53	23	0.9	
181.73	5	0.9	
942.2	45	0.5	
211.47	16	0.7	
494.05	30	1.4	
681.94	61	0.7	
419.15	14	1.2	
623.85	8	1	
263.16	18	1	
142.73	8	1.3	
183.85	22	1.3	
732.63	68	0.8	
711.83	27	1.3	
89.03	6	0.6	
835.84	66	1.2	
377.77	32	0.7	
507.77	46	1	
703.63	54	1.3	
402.21	56	0.8	
454.36	20	1.3	
566.73	48	1.1	
613.6	37	1.3	
564.73	67	0.7	
3.27	15	0.8	
650.04	56	1.2	
722.28	10	1.4	
573.43	31	0.8	
89.87	26	1.3	
303.11	45	0.7	
575.88	68	0.6	
85.78	46	1.1	
854.06	67	0.8	
750.69	56	1.3	
95.27	69	1.3	
15.92	61	0.8	
642.55	74	0.6	
274.02	59	1.1	
136.09	64	0.9	
292.73	71	0.7	
791.11	17	1.1	
514.84	68	1	
422.33	24	1.1	
90.26	45	1.2	
811.79	13	1	
41.1	18	1.3	
850.85	2	0.6	
8.87	16	1.1	
777.54	58	0.9	
848.46	51	0.9	
866.29	29	1.3	
289.95	26	0.7	
183.43	75	1.4	
301.81	37	1	
918.32	45	1.4	
761.81	68	1.2	
141.26	69	1	
380.4	43	1.1	
574.95	9	0.9	
359.19	37	1.4	
671.21	7	1.4	
860.16	31	0.8	
958.31	7	0.7	
333.26	60	0.8	
451.67	61	1	
926.03	38	0.9	
70.99	2	0.6	
153.85	34	0.7	
835.3	52	1.4	
577.4	5	0.6	
853.61	55	1.2	
40.31	72	1.1	
756.7	2	0.9	
588.86	41	1.1	
16.29	55	1.2	
722	19	0.6	
24.34	2	0.5	
678.64	19	0.8	
98.83	62	0.5	
64.27	34	1.3	
766.32	18	1.3	
476.36	30	1	
796.85	53	0.6	
720.21	68	1.2	
727.06	45	1	
551.89	26	1	
902.94	48	1	
583.46	74	1.2	
8.88	14	1.4	
366.23	52	1.1	
854.52	8	1.5	
761.8	36	1.4	
639.87	33	1.3	
375.65	45	1.1	
91.81	28	1	
786.05	43	1.2	
426.5	39	0.8	
179.37	5	0.7	
571.9	32	1.1	
693.44	55	1.2	
756.62	46	0.6	
191.31	9	0.6	
256.95	52	1	
559.39	11	0.8	
915.75	40	0.6	
355.76	50	0.7	
516.53	19	0.6	
956.19	32	1.2	
346.73	25	0.7	
636.62	4	1.1	
756.79	58	0.8	
291.88	41	0.8	
399.84	53	1	
229.62	31	0.5	
370.75	42	1.3	
227.31	74	0.9	
808.04	50	0.9	
236.52	52	1.4	
456.65	44	1	
223.83	32	1	
338.66	50	1	
459.96	28	1.3	
313.35	17	1.4	
19.16	5	1.2	
300.59	37	0.8	
707.51	57	1.2	
173.67	14	0.6	
63.32	2	1.1	
702.81	69	1.1	
452.82	59	1.5	
139.39	42	1.5	
271.25	2	0.9	
667.47	26	0.7	
291.85	59	1.5	
713.02	6	1.3	
783.62	48	1	
957.94	34	1.1	
191.5	68	1	
284.34	30	1.1	
931.85	40	1.4	
389.22	24	1	
497.87	36	0.7	
301.53	2	0.6	
198.06	39	1.4	
565.67	18	0.8	
770.98	33	1.1	
518.81	47	0.6	
765.4	63	0.8	
357.78	69	1.3	
22.52	44	1.2	
265.14	47	1	
68.94	25	1.4	
467.23	74	0.9	
92.75	29	1.3	
960.17	35	0.8	
221.87	21	0.9	
536.46	68	1.4	
752.59	32	1.1	
196.24	64	1.3	
506.52	40	0.7	
536.23	59	1.2	
576.39	44	1.1	
687.25	65	1.4	
84.42	7	0.9	
371.97	19	1.1	
100.71	22	1.4	
577.29	21	0.6	
854.32	15	1.3	
706.61	40	1.3	
864.09	10	0.7	
44.44	50	0.8	
331.56	55	1.5	
705.01	58	1.4	
812.42	26	0.9	
346.91	28	0.9	
577.23	11	1.4	
282.28	18	1.4	
374.33	47	1.3	
481.31	38	1.1	
50.04	10	1.3	
365.35	17	1.2	
500.55	48	0.6	
174.67	46	1.3	
628.33	39	1.2	
734.4	46	1.3	
681.05	59	0.6	
814.18	54	0.8	
434.84	48	0.7	
77.99	55	1.2	
203.24	33	1.3	
370.93	71	1	
250.95	5	1.1	
252.84	36	1.2	
414.5	1	0.7	
555.74	37	1	
672.32	46	0.8	
626.41	75	1.5	
461.68	74	0.6	
837.85	65	0.6	
732.09	63	1.2	
237.8	1	1.3	
780.08	60	1.1	
79.02	8	0.9	
742.94	60	1.1	
699.22	38	1	
694.07	32	1.1	
147.92	24	0.7	
23.49	74	0.8	
958.11	57	1.4	
631.27	18	1.4	
102.02	12	0.9	
459.75	14	0.7	
86.54	59	1.3	
601.7	30	0.6	
676.13	75	1.1	
786.53	66	0.8	
322.2	1	1.2	
593.17	63	1.4	
339.11	71	1.5	
618.81	49	1.2	
692.22	34	1	
663.84	42	1	
72.3	68	0.7	
897.36	56	0.8	
348.21	68	1.2	
452.58	39	0.9	
285.65	27	1.2	
858.02	63	0.9	
948.35	35	0.9	
937.27	18	1.3	
479.44	9	0.8	
8.34	51	1.3	
239.31	32	1.2	
191.16	41	0.7	
541.84	16	1.1	
580.28	8	1	
578.03	75	0.6	
496.94	53	1.2	
904.73	17	1.3	
322.13	37	1	
330.64	8	0.9	
877.69	43	0.6	
442.27	43	0.7	
897.59	17	0.7	
252.93	51	1.3	
94.02	64	1	
789.15	59	1	
134.71	63	0.9	
133.98	2	1.1	
915.84	19	1.3	
477.26	50	0.8	
31.99	29	1.3	
131.72	19	1.1	
287.42	28	0.7	
822.15	69	0.8	
63.5	55	0.8	
826.5	53	0.9	
663.61	2	0.7	
952.39	37	0.7	
769.94	49	1	
545.67	63	1	
25.2	48	0.7	
727.53	49	1.1	
836.85	10	0.9	
689.79	47	0.8	
840.74	1	0.8	
92.28	74	0.9	
806.06	71	0.7	
657.69	24	0.8	
892.06	66	0.8	
706.76	67	1.3	
561.22	37	1.1	
85.44	47	0.9	
540.31	5	0.9	
795.04	48	1.3	
412.7	5	1.4	
760.97	43	0.8	
399.08	22	0.8	
26.07	72	1.5	
582.18	12	0.6	
153.42	43	0.6	
900.76	46	1.3	
923.58	53	0.7	
671.53	35	1.5	
683.68	49	1	
172.13	27	1.5	
873.54	6	0.7	
495.65	17	1.3	
779.45	56	1.4	
574.69	48	1.4	
820.01	35	0.6	
303.37	56	1.2	
445.63	1	1.5	
415.05	32	0.5	
892.39	31	1.3	
545.36	23	1.1	
737.75	2	0.9	
90.47	71	1.3	
529.36	24	0.9	
332.52	4	0.9	
913.58	25	1.4	
263.91	6	1.2	
276.73	23	1.4	
123.15	69	0.6	
275.25	66	1.5	
763.25	59	0.5	
738.98	29	1	
141.9	69	1.3	
521.02	53	1.3	
848.57	25	0.6	
596.09	72	1.3	
527.99	68	1.1	
883.66	37	1.5	
371.19	14	0.8	
559.72	12	0.5	
395.15	17	1.3	
678.96	18	0.5	
437.91	26	1.3	
594.88	57	1.4	
220.21	66	0.6	
125.54	60	1.2	
533.59	54	1.4	
875.29	24	1	
702.01	10	0.8	
103.95	13	0.7	
84.76	13	1.3	
213.15	63	1.4	
807.11	44	0.7	
740.67	13	0.5	
646.83	41	0.8	
145.89	41	1.2	
303.23	32	0.7	
769.34	9	0.6	
26.98	69	0.8	
314.76	46	0.6	
956.24	57	1.4	
698.99	65	0.9	
514.59	72	1.5	
512.52	22	0.5	
691.2	41	0.8	
426.39	12	0.7	
940.83	18	0.9	
249.28	43	1.2	
792.46	58	0.9	
226.29	52	1.1	
448.47	58	1.1	
48.12	45	0.8	
682.66	9	1	
641.2	55	0.6	
382.97	2	1.1	
413.97	17	1.5	
215.26	21	0.9	
628.95	41	1.5	
335.35	12	1.4	
41.8	34	1.4	
619.59	67	0.8	
13.83	48	0.7	
917.2	55	1.5	
901.85	22	1.2	
732.41	41	1	
704.06	36	1.4	
367.68	6	0.5	
762.43	27	0.7	
934.64	30	1.3	
85.83	49	1.2	
582.34	54	0.7	
42.36	33	0.9	
486.23	14	1.2	
600.91	52	0.8	
612.94	2	0.8	
667.88	4	1.2	
717.41	42	0.9	
802.46	25	0.7	
917.41	39	0.7	
720.68	72	1.4	
228.77	40	0.9	
200.46	45	1.1	
678.62	1	1.4	
826.02	44	1.1	
237.56	27	1.5	
75.8	24	1.2	
800.38	72	1.2	
922.1	40	0.6	
802.14	64	1	
438.72	54	0.6	
8.81	70	1.2	
233.95	2	1.4	
101.37	9	0.9	
715.06	6	0.5	
276.76	33	1.2	
867.52	62	1.2	
760.21	10	1.1	
880.48	19	1.1	
548.84	50	1.2	
601.45	64	1.3	
517.68	64	0.9	
390.28	54	1.1	
394.23	75	0.9	
786.57	23	0.6	
127.91	9	1.5	
529.58	29	1.4	
314.01	50	1.1	
45.18	32	1.4	
549.66	7	0.8	
55.7	52	0.7	
659.67	50	1.2	
94.32	73	0.8	
214.52	64	0.9	
461.95	55	0.7	
238.89	60	1.2	
499.59	26	1.3	
348.57	70	1.4	
259.06	15	1.2	
774.65	42	0.8	
338.05	50	1	
196.97	67	0.9	
387.74	48	1	
843.17	61	1.2	
131.07	35	0.7	
5.77	13	1.2	
123.08	56	1.4	
105.87	38	1.3	
120.23	2	0.8	
69.63	74	1	
688.66	75	1	
50.62	31	1.5	
841.32	67	1.2	
419.27	64	1.1	
585.32	7	1.1	
106.56	16	0.9	
203.99	36	0.6	
596.65	64	0.9	
596.97	73	0.7	
857.15	21	1.4	
706.47	32	1	
291.01	46	1.3	
282.75	55	0.8	
745.28	22	0.7	
767.32	59	1.4	
743.28	22	0.8	
702.19	52	0.5	
344.31	5	1.1	
957.94	59	0.8	
891.21	50	0.9	
547.2	27	1.1	
478.27	44	0.7	
852.22	68	0.6	
22.25	70	1.3	
931.83	65	1.3	
894.56	35	1.4	
711.45	15	1.3	
705.86	12	0.5	
697.99	14	1.5	
901.63	56	0.7	
695.14	22	0.9	
951.57	10	0.8	
752.51	67	0.6	
224.43	59	1.2	
890.4	57	0.6	
723.9	28	0.7	
578.03	1	0.9	
179.53	60	0.6	
184.81	70	0.5	
339.95	1	0.9	
897.55	59	1.3	
611.91	45	0.9	
629.82	53	1.4	
79.98	5	1.1	
639.47	19	1.4	
864.86	29	0.6	
373.92	48	0.6	
596.15	42	0.6	
407.34	15	1.4	
174.28	50	0.8	
407.2	56	0.7	
409.35	54	1	
685.42	50	0.7	
368.28	53	1.2	
810.67	34	1.3	
498.39	20	1.2	
288.83	14	1.5	
332.61	53	1	
466.44	59	1.3	
70.99	51	1.2	
533.68	7	1.2	
732.28	36	0.7	
96.61	17	1	
940.24	63	0.9	
380.22	43	1.1	
479.29	8	1.3	
621.11	68	1.2	
915.23	31	0.8	
349.01	59	1.3	
686.17	29	0.8	
596.95	43	1.3	
929.05	59	0.7	
247.28	8	1.4	
64.65	50	1.1	
83.34	18	0.5	
592.1	14	1.4	
550.03	64	1.4	
398.46	69	1.5	
229.59	68	0.9	
633.34	1	0.6	
777.38	43	0.7	
719.11	49	1	
44.59	27	1	
276.8	15	0.8	
477	9	1.3	
622.83	30	0.6	
579.15	26	0.8	
675.32	62	0.6	
497.63	61	1.4	
307.03	2	0.6	
454.47	11	1.2	
328.31	60	1.5	
46.83	30	1	
253.86	56	0.7	
342.21	28	0.9	
544.74	59	0.9	
83.31	16	0.6	
808.44	38	0.6	
923.98	11	0.6	
797.59	16	1.1	
221.46	58	0.9	
388.89	23	1	
950.03	61	0.5	
210.43	27	1.4	
922.74	72	0.8	
325.03	65	1	
559.3	21	1.3	
901.52	12	0.8	
275.91	47	1.2	
192.21	45	1	
575.03	38	1.3	
605.72	36	1.2	
165.13	27	1	
226.59	54	1.2	
412.46	70	0.5	
458.83	11	1.2	
652.32	35	0.9	
817.74	1	0.6	
7.2	40	1.2	
823.99	18	0.9	
277.27	64	0.6	
134.11	28	0.7	
955.13	6	1.2	
764.32	20	0.6	
266.04	46	0.9	
286.68	54	0.6	
926.81	8	0.8	
660.59	31	1.2	
495.68	53	0.7	
715.85	70	1.4	
661.72	73	1.3	
697.6	64	0.8	
410.21	40	0.7	
856.07	24	1.4	
379.52	22	0.9	
97.42	47	1.1	
200.18	16	1.4	
912.64	35	0.6	
108.14	32	1.3	
422.53	34	1.3	
765.05	16	0.8	
734.78	74	0.6	
860.28	28	1.2	
46.38	16	1.1	
315.34	16	0.6	
448.55	69	1.3	
872.39	59	0.8	
313.77	50	1	
137.95	72	0.7	
803.09	19	1.1	
932.2	26	1.1	
268	10	0.9	
605.94	2	0.5	
483.35	15	0.6	
283.23	8	1.3	
266.5	2	1.4	
400.82	41	1.3	
591.97	33	0.8	
666.63	66	1.1	
221.35	46	0.7	
572.69	18	1.2	
302.86	41	0.7	
583.26	10	0.8	
945.69	5	1.4	
810.84	21	1.2	
258.6	50	0.8	
750.73	66	1.1	
201.76	10	1.1	
374.53	69	1	
663.52	13	0.8	
432.56	8	1.4	
131.15	69	1.2	
860.85	74	1.3	
574.06	61	1.1	
268.77	23	1.2	
362.22	14	1.2	
363.76	4	1.3	
647.42	49	1.4	
279.21	44	1.3	
594.56	23	1.1	
285.7	34	1.4	
859.72	51	1.3	
323.44	1	1	
255.09	58	0.7	
940.12	45	0.6	
83.98	53	0.8	
562.89	38	0.9	
104.79	70	1.2	
450.72	2	1.1	
808.37	50	1.1	
743.32	48	0.6	
810.13	42	0.7	
830.22	6	0.6	
634.65	22	0.9	
757.87	39	1.4	
637.68	16	0.6	
68.66	42	1.3	
846.45	21	0.8	
402.93	71	1.5	
345.12	20	1.4	
778.54	64	0.8	
796.75	6	0.6	
781.6	18	1.3	
186.66	11	1	
511.24	43	1	
733.61	35	0.7	
401.38	7	0.7	
445.45	44	0.8	
676.16	36	1.2	
482.81	65	1	
775.1	54	0.7	
890.31	64	0.8	
701.68	48	1.3	
175.87	54	0.7	
946.16	50	1.3	
348.79	61	0.5	
473.56	45	1	
351.55	32	0.8	
301.55	40	0.6	
233.22	57	1.1	
214.34	12	1.3	
668.53	12	0.9	
308.01	40	0.6	
951.17	69	0.8	
103.73	41	1	
506.87	55	1	
169.15	19	0.7	
476.36	48	1.1	
647.84	11	0.7	
345.24	20	0.9	
613.36	64	1.4	
430.72	57	0.6	
601.79	32	1.1	
540.98	61	1.1	
724.63	8	1.3	
673.2	9	0.6	
377.76	45	0.7	
729.31	66	1.1	
520.5	54	1.1	
205.23	47	0.7	
207.45	28	0.8	
258.05	40	1.1	
303.62	8	0.7	
187.84	9	0.5	
115.37	50	1.4	
363.69	48	1	
185.64	27	1.2	
819.88	33	1.4	
596.43	23	1.1	
654.47	71	0.9	
644.08	4	1	
631.42	27	0.8	
458.42	44	1.2	
455.68	3	0.8	
5.35	64	1	
241.41	13	0.7	
227.31	25	1.2	
172.17	12	0.6	
389.14	3	1.2	
93.01	15	1.2	
700.44	18	0.6	
872.79	53	0.6	
781.35	56	0.8	
554.86	23	1.2	
29.76	54	1.4	
681.02	72	1.3	
285.52	42	0.6	
661.31	1	0.7	
724.62	51	1.4	
585.86	42	1.2	
714.08	4	1	
499.17	37	0.6	
820.67	64	0.6	
446.75	27	1.5	
723.8	11	0.9	
553.3	13	0.8	
368.69	69	0.9	
575.81	3	0.6	
231.25	40	0.8	
478.04	49	1.2	
874.32	70	0.8	
540.6	72	0.5	
346.81	18	1.2	
6.22	21	0.8	
486.9	14	1.5	
740.16	40	1.2	
937.64	15	0.8	
842.05	23	1.5	
392.77	1	0.9	
506.8	70	0.7	
852.36	56	0.6	
409	5	1	
575.5	70	0.6	
815.7	47	0.6	
572.33	37	0.9	
398.46	46	1.3	
662.91	60	1.1	
624.39	50	0.7	
316.59	29	0.8	
389.49	26	0.9	
547.75	46	1.1	
213.39	69	1.5	
499.73	44	1.5	
424.94	49	0.5	
326.14	29	0.7	
499.41	55	1.3	
804.18	68	1.1	
493.68	60	1.5	
85.04	6	0.7	
541.92	32	0.6	
260.51	45	0.7	
503.38	65	0.6	
67.3	44	1	
283.76	45	0.6	
591.62	52	0.9	
493.2	26	0.9	
749.98	64	0.6	
436.01	63	0.7	
28.8	73	0.8	
570.09	49	0.8	
388.67	59	0.7	
497.1	5	1.2	
129.9	22	1.3	
477.34	56	1	
928.05	61	1.2	
385.89	16	1	
381.93	3	0.9	
778.69	39	0.7	
415.72	28	0.6	
507.9	45	0.7	
232.78	2	0.9	
805.78	24	1.2	
783.88	71	0.8	
943.99	59	1.2	
548.76	40	1.4	
611.8	28	0.9	
160.46	13	1.2	
769.9	75	1.3	
16.89	50	0.6	
78.39	5	1.2	
98.38	30	1.4	
5.31	6	1.5	
383.15	64	1.2	
837.98	55	1.5	
269.03	36	1.5	
710.36	65	0.9	
439.97	50	0.7	
118.25	58	1.1	
893.16	52	0.8	
857.51	30	1.4	
28.52	4	1.1	
629.94	5	1.2	
239.41	39	1.5	
726.15	5	0.9	
323.44	54	1.1	
324.25	30	1	
108.25	71	1.1	
697.16	28	1.5	
119.99	60	0.6	
640.46	38	0.5	
175.77	40	1.3	
664.18	8	1.1	
785.61	35	1.1	
469.32	30	1.2	
79.57	52	0.9	
588.29	22	0.6	
810.22	11	0.9	
32.17	34	0.6	
825.59	63	1.3	
842.11	66	1.2	
651.7	43	0.9	
540.83	27	1	
482.3	24	1	
319.46	17	1	
65.19	45	1.3	
657.5	16	1.4	
725.8	32	1.4	
385.91	36	0.9	
207	47	0.6	
859.13	21	1.4	
926.35	25	1.5	
415.77	22	1	
556.26	53	1	
144.94	24	0.8	
84.28	5	0.8	
380.27	4	0.8	
179.36	41	1.2	
190.68	30	1.5	
430.37	3	1.2	
201.8	35	1	
154.72	39	0.5	
48.03	26	1.3	
142.81	72	1	
368.27	42	1	
357.33	27	1	
371.87	18	1	
400.33	19	0.7	
252	64	1.2	
795.01	22	1.2	
733.2	20	1.3	
447.9	22	0.8	
16.45	14	0.9	
570.1	50	0.9	
279.93	36	1.2	
699.04	13	1.3	
524.58	24	1.4	
632.98	36	0.9	
42.68	68	0.7	
535.56	36	1.1	
721.62	69	0.6	
275.56	5	0.7	
627.03	52	1.4	
712.89	44	1	
115.27	66	0.8	
905.35	63	1.4	
528.92	54	0.9	
296.52	53	1.3	
255.61	5	0.7	
922.77	29	1.2	
13.95	7	1.4	
281.91	67	1.2	
7.08	21	0.9	
576.65	17	1	
536.56	7	1	
247.8	9	0.6	
664.18	4	1.1	
134.93	38	0.7	
359.46	55	0.8	
399.61	58	1.2	
832.51	43	0.6	
99.9	20	0.6	
328.31	2	1.2	
297.26	68	1.2	
916.44	64	1.4	
599.33	6	1.5	
701.76	6	0.8	
948.62	26	1.4	
384.18	59	0.5	
337.29	15	1.2	
930.97	47	1.3	
627.04	72	1.2	
760.94	49	1.3	
150.3	37	1.1	
848.15	45	1.2	
658.64	19	0.7	
650.43	63	0.8	
207.03	31	0.7	
497.81	74	1.2	
882.38	72	1	
244.69	50	0.8	
811.56	58	1.3	
109.24	64	0.8	
872.65	3	0.6	
791.89	20	0.8	
702.76	36	1.5	
903.66	22	1.4	
811.97	71	1.2	
711.43	23	1	
884.21	36	0.9	
593.85	31	1.3	
547.92	42	0.5	
715.42	53	0.5	
131.61	64	0.7	
88.81	21	0.8	
946.09	65	0.7	
855.26	4	1.3	
646.48	41	0.6	
781.03	27	1	
877.84	39	1.2	
781.63	60	0.6	
217.33	25	1	
628.05	18	1.3	
218.75	47	1.2	
846.11	51	1.2	
631.7	56	1.4	
845.26	26	1	
721.02	25	1.1	
702.18	18	0.8	
714.53	8	1.4	
921.15	32	1.3	
160.2	47	0.6	
903	60	0.5	
490.53	21	1.1	
171.2	32	1.1	
743.7	51	1.2	
923.23	9	1.2	
740.54	68	0.7	
920.97	31	0.7	
565.91	49	1	
131.63	63	0.7	
923.86	39	1.3	
374.17	1	0.8	
821.87	62	0.7	
431.12	40	1	
310.9	49	1.2	
795.38	51	0.8	
588.42	65	1.1	
722.33	57	1.3	
852.53	6	0.8	
502.69	71	1.2	
449.38	18	0.5	
516.72	33	1.1	
604.85	38	0.6	
919.4	55	1.5	
238.12	12	0.8	
764.76	26	1.3	
470.16	42	1	
139.22	22	1.4	
618.1	20	1.1	
274.51	7	0.7	
767.11	25	1.3	
313.69	24	0.9	
399.47	2	1	
455.53	67	1.3	
905.36	66	1	
435.47	29	0.8	
116.55	68	0.9	
572.82	33	0.7	
812.02	72	1.3	
485.71	39	0.6	
668.62	61	0.9	
635.07	25	1.4	
99.51	58	0.9	
78.45	28	0.9	
553.24	52	0.6	
831.35	31	1.5	
276.56	49	1	
749.7	75	1	
318.93	75	1	
669.86	30	1	
106.41	72	0.7	
703.49	7	0.9	
90.85	53	1.4	
62.24	7	0.7	
748.21	54	1.1	
141.87	40	1.1	
260.48	64	1.1	
56.44	26	0.6	
940.06	22	0.8	
30.61	20	0.8	
277.62	51	0.9	
431.03	71	1	
474.15	28	1.3	
166.92	39	0.8	
259.85	40	0.5	
683.35	9	1.4	
496.75	38	0.8	
200.31	1	0.9	
682.19	4	0.8	
313.66	57	0.7	
217.87	68	1.1	
932.25	23	1.2	
326.55	51	1.2	
207.22	22	0.6	
157.79	45	0.6	
465.19	38	0.7	
438.02	36	0.7	
545.74	7	1.2	
409.55	3	1.4	
745.99	33	0.6	
52.07	66	1.1	
839.4	65	1.2	
559.08	1	0.8	
273.55	9	1.4	
123.83	64	0.6	
760.52	2	0.7	
596.39	5	0.9	
855.25	8	1.2	
488.17	43	0.6	
479.21	75	1.4	
93.8	1	1.5	
621.25	24	1.1	
526.1	11	1	
391.56	63	0.7	
919.19	63	1.2	
920.66	28	1.4	
910.31	26	0.5	
570.14	10	1.2	
314.43	70	1.4	
428.07	23	1.2	
830.1	34	1.4	
916.55	61	0.8	
781.43	5	0.5	
823.66	15	1.5	
332.69	60	1.2	
15.34	74	0.7	
560.4	24	0.5	
294.92	75	0.5	
945.52	6	1.2	
398.41	18	0.6	
677.02	22	1.1	
642.55	4	0.9	
441.06	4	0.5	
408.44	54	1.3	
857.58	1	0.7	
317.89	2	1.1	
432.99	47	0.9	
420	22	0.9	
903.1	39	1.5	
473.79	56	0.6	
129.62	73	1.2	
76.16	61	1.1	
695.89	57	1.4	
955.75	54	0.5	
177.87	29	1.3	
628.65	40	1.3	
724.01	28	0.7	
94.61	67	1.1	
868.12	41	1	
748.81	57	0.8	
731.26	67	0.9	
826.84	20	0.6	
717.37	25	1.2	
506.71	2	1.4	
832.79	28	0.5	
623.3	68	1.2	
125.64	61	0.9	
35.03	44	1.4	
298.17	7	0.8	
911.75	44	1.4	
7.36	61	1.2	
384.5	21	0.8	
676.39	35	0.6	
13.36	44	0.9	
237	49	1.1	
716.94	47	0.6	
179.1	34	1.4	
878.02	34	0.6	
375.1	42	0.6	
671.81	65	0.9	
690.83	9	1.3	
377.83	52	0.8	
818.34	74	0.6	
922.04	15	1.2	
157.01	8	0.5	
363.14	10	1.2	
84.16	41	0.6	
444.18	70	0.6	
532.67	46	0.8	
259.91	5	0.7	
677.95	21	1.3	
508.02	15	0.6	
317.28	28	1.1	
51.95	36	0.9	
857.73	73	1.1	
600.3	17	1.4	
952.86	6	1.4	
886.35	3	1.2	
848.64	43	0.8	
676.78	42	0.6	
905.13	7	1.2	
504.95	1	0.8	
546.61	28	1.3	
726.77	37	0.9	
879.39	58	0.5	
959.63	35	1.3	
607.88	22	1.1	
953.88	9	0.5	
585.02	37	0.9	
773.5	63	1.3	
848.11	43	0.6	
166.3	74	0.6	
714.92	26	1	
865.29	35	0.8	
672.06	36	0.6	
789.74	44	1.4	
868.04	69	0.6	
38.33	14	0.9	
702.12	68	1	
585.9	54	1.3	
55.6	24	1.2	
930.7	42	0.9	
150.92	30	0.8	
798.75	25	0.5	
713.75	21	0.9	
947.57	65	1.4	
950.62	13	1	
861.02	54	1.5	
357.4	61	0.8	
691.39	8	1.1	
8.65	36	1.3	
812.56	24	0.6	
112.56	68	1	
130.53	14	1.5	
6.81	5	0.6	
292.11	18	0.8	
276.15	32	1.1	
601.33	5	0.9	
97.73	15	1.5	
803.88	42	1.5	
15.02	15	0.9	
563.5	66	0.7	
840.22	75	0.5	
489.62	58	0.9	
447.6	58	1.4	
183.3	27	1.1	
111.75	19	1.3	
416.93	48	0.8	
614.16	31	0.8	
63.77	8	1.3	
863.93	51	0.6	
344	26	1	
153.65	66	1.5	
295.71	43	0.7	
643.66	9	1	
760.86	21	0.8	
227.24	17	1	
668.25	56	0.6	
870.24	68	0.5	
816.63	35	1.4	
241.13	57	0.8	
151.97	55	0.6	
775.43	2	0.9	
842.35	12	1	
143.04	15	0.8	
372.75	35	0.7	
281.02	22	0.7	
48.14	45	1	
19.25	51	0.9	
128.81	18	1.3	
385.57	47	0.6	
453.7	26	1.3	
881.08	4	1.4	
948.34	10	1.1	
938.92	69	1	
800.3	12	1.1	
102.05	66	0.8	
519.72	30	1	
240.71	16	0.6	
452.56	60	1.2	
508.9	33	1.2	
510.96	60	0.6	
625.83	11	0.8	
647.69	16	1.5	
362.13	1	0.5	
69.79	3	0.8	
857.4	12	1	
249.66	22	1.1	
143.69	51	1.1	
240.5	14	0.9	
934.67	19	0.9	
855.54	45	1.2	
641.74	21	0.9	
288.15	3	0.9	
400.55	50	0.9	
240.73	30	1	
884.55	47	1.4	
165.73	23	1.3	
600.93	25	0.8	
39.79	12	1.2	
587.76	11	0.9	
654.32	1	1.2	
764.57	38	1.3	
838.84	26	1	
661.6	45	1.5	
451.11	74	0.7	
360.1	53	1.2	
385.77	72	1.2	
16.52	20	0.6	
794.71	22	1.4	
503.58	67	1.1	
563.46	7	1.2	
688.19	1	1.3	
862.01	2	0.8	
517.19	4	0.5	
681.72	6	1.2	
494.91	48	0.8	
25.48	68	0.6	
557	66	1.3	
682.49	63	0.7	
722.46	23	1.2	
924.35	32	0.8	
494.84	44	0.5	
583.36	16	1.4	
424.01	40	0.6	
258.08	33	0.6	
956.53	68	1.4	
143.44	57	0.9	
24.51	2	1.1	
654.98	10	0.8	
265.88	20	0.8	
445.79	2	1.3	
151.37	31	0.5	
263.58	54	1.1	
541.04	24	1.2	
290.1	51	0.5	
15.43	37	1	
59.16	61	1.4	
937.04	64	1.3	
498.96	20	1.1	
278.31	73	0.8	
252.29	63	1.5	
425.48	7	1.2	
700.91	10	1.1	
84.45	11	0.7	
631.25	65	1	
69.6	14	1.2	
502.98	60	1.2	
568.47	13	1	
444.58	66	0.7	
690.02	69	0.9	
365.24	70	0.9	
310.41	41	1.2	
814.89	61	0.6	
603.67	74	1.2	
299.48	23	0.9	
383.82	46	1.2	
589.55	38	1.1	
155.82	47	1.3	
413.9	5	1	
143.83	61	0.5	
658.99	32	0.8	
651.94	21	1.5	
955.32	18	1.4	
854.36	59	0.8	
907.37	12	1	
713.57	23	1	
60.12	48	0.7	
575.94	52	1.1	
425.72	28	1	
789.54	73	0.7	
674.86	4	1.2	
587.9	12	1.4	
371.91	35	0.9	
630.99	67	0.8	
687.16	31	0.9	
280.62	60	0.8	
226.71	40	1.5	
425.88	17	1.4	
57.05	13	1.4	
5.96	66	1.2	
9.72	20	0.9	
865.78	70	0.6	
618.94	54	0.9	
455.93	37	0.8	
323.85	57	0.7	
205.09	71	1	
793.61	6	1.5	
832.23	52	1.4	
891.58	18	0.9	
649.93	47	1.2	
789.85	8	0.6	
691.02	45	0.9	
50.79	5	1.5	
740.97	11	1	
384.51	18	0.6	
939.74	32	1.3	
173.04	13	1.2	
132	57	1.4	
489.96	72	1	
105.07	71	1.3	
271.43	42	1.4	
712.94	10	1.4	
87.06	7	0.9	
362.96	71	1.2	
300.04	8	1.1	
263.3	63	1.2	
42.02	61	1.2	
4.25	18	1	
131.78	20	1	
469.19	70	1.5	
354.77	19	1.2	
921.23	46	1.4	
655.88	8	0.9	
914.45	43	1.1	
626.33	24	0.5	
703.04	72	1	
221.19	2	0.5	
243.14	20	1.2	
502.37	29	0.9	
379.57	48	1	
685.93	37	0.8	
368.45	41	1.3	
349.82	62	1.4	
756.17	13	0.6	
499.47	74	0.7	
569.67	68	1.3	
373.03	53	1.3	
553.27	48	1	
576.13	28	1.1	
536.56	57	0.8	
295.66	15	0.7	
367.43	36	1.4	
785.92	16	1.1	
247.22	31	0.7	
104.31	4	0.9	
42.48	42	0.9	
201.66	14	0.9	
403.17	30	1.1	
929.44	33	1	
421.54	42	0.7	
326.68	47	1.4	
872.06	33	0.7	
88.78	50	0.6	
122.97	58	1.1	
182.02	46	0.6	
766.07	61	0.5	
198.39	72	0.9	
345.44	66	1.4	
876.6	28	0.9	
330.98	19	0.7	
585.8	39	1.4	
719.45	49	1.1	
478.73	48	0.8	
378.13	67	1.2	
99.79	52	0.9	
165.11	48	1.2	
691.81	75	0.8	
118.68	72	1.2	
680.65	51	0.6	
107.54	32	0.8	
851.88	12	1.3	
316.89	6	1	
894.81	40	1.1	
844.31	5	1.3	
669.36	27	1.1	
706.02	53	0.8	
367.13	63	1.5	
710.74	56	0.8	
51.89	4	1.3	
48.1	51	1.3	
784.02	43	0.9	
111.42	36	0.6	
910.11	72	1	
705.47	69	0.9	
170.1	26	0.8	
558.7	33	1	
462.59	53	0.7	
569.65	33	0.9	
860.94	20	0.6	
420.55	65	0.7	
781.12	16	1.4	
460.01	11	0.6	
644.01	15	1.1	
132.89	30	1	
191.98	45	1.1	
501.94	28	1.1	
39.67	32	1.3	
813.39	61	1	
433.78	69	0.7	
361.6	16	0.8	
483.78	56	1.2	
806.02	26	0.8	
926.84	2	0.5	
31.12	17	1.2	
413.08	53	0.6	
367.81	9	1.4	
54.03	48	0.8	
765.73	59	0.7	
864.31	21	0.7	
121.45	26	0.6	
587.53	35	0.8	
11.31	30	0.7	
537.64	2	1.4	
839.6	25	0.6	
80.73	9	1.3	
47.92	32	0.7	
824.7	38	0.8	
918.85	68	0.6	
539.11	4	1.5	
92.21	65	1.3	
461.18	66	0.5	
183.61	4	1.3	
108.66	59	0.8	
68.87	60	0.6	
433.64	61	0.7	
672.3	11	0.8	
715.15	74	1.2	
938.14	37	1.3	
309.91	60	1.4	
560.4	68	0.8	
192.15	66	1.3	
714.08	47	1	
872.08	56	0.9	
607.14	43	1.5	
410.4	3	0.7	
484.92	73	1	
410.85	18	0.8	
914.81	22	0.7	
825.88	69	1	
934.53	42	1.5	
409.53	72	0.8	
481.8	18	0.5	
658.61	38	1.4	
340.84	7	0.9	
605.97	46	1.2	
132.66	31	0.7	
38.79	34	1.2	
914.46	75	1.5	
850.05	57	0.9	
840.86	22	1.3	
511.73	5	0.6	
277.85	7	1.1	
494.26	22	0.7	
541.73	19	0.9	
677.6	27	1	
232.56	45	1.2	
864.51	70	1.1	
225.63	27	1	
896.74	42	1.4	
279.31	31	0.8	
658.04	64	1.4	
803.4	33	1.2	
876.03	1	0.9	
562.85	71	1.4	
864.98	35	0.6	
28.34	13	0.8	
206.36	45	1.2	
90.59	68	1.2	
369.68	66	1.4	
121.13	10	0.9	
466.1	21	1.3	
581.51	51	1.2	
157.86	28	1.4	
156.47	30	1.4	
579.98	43	0.6	
858.62	39	1.2	
955.04	74	1.2	
412.06	38	0.8	
647.65	6	0.7	
745.8	5	0.9	
951.68	46	0.8	
593.19	40	1.1	
870.8	29	1.5	
246.8	3	1	
229.84	73	0.9	
47.92	20	1.3	
392.32	63	0.7	
331.48	49	1.4	
436.12	3	0.9	
180.35	32	0.8	
535.81	72	0.6	
491.47	74	1	
145.25	26	0.7	
851.59	28	1.5	
18.42	19	0.8	
74.83	50	0.5	
388.25	58	0.7	
510.13	56	1	
524.51	35	0.5	
146.08	27	1.5	
98.96	27	0.8	
355.53	6	0.9	
532.67	11	0.9	
5.64	24	1.3	
642.38	19	1.3	
11.76	26	0.9	
922.83	57	0.8	
19.48	37	1.3	
447.83	44	1.3	
128.25	48	0.5	
55.35	22	0.6	
537.32	3	0.7	
599.75	8	1.3	
39.41	42	1.4	
148.42	35	1	
294.52	75	1.2	
678.64	49	0.7	
735.19	34	1.3	
404.79	40	0.9	
720.49	15	1.3	
554.26	42	1.5	
847.57	49	0.9	
733.6	47	1.3	
613.09	10	0.6	
932.95	21	1.3	
220.18	42	1.4	
677.79	35	0.9	
286.16	23	0.6	
610.58	67	0.8	
140.15	13	0.5	
92.16	2	0.9	
754.09	45	1.2	
462.41	24	0.7	
753.79	50	1.4	
21.93	53	1.2	
824.91	18	1.4	
10.72	18	1.1	
399.62	58	0.6	
586.3	32	1	
730.3	51	0.7	
270.81	3	0.6	
494.72	11	1	
356.19	27	1.2	
728.17	11	0.6	
885.61	59	0.9	
722.27	56	1.4	
490.02	37	0.6	
330.7	37	1.4	
159.04	71	0.7	
750.61	50	0.9	
36.12	15	1.3	
837.96	26	0.7	
527.55	4	0.9	
6.1	41	1.1	
645.05	4	0.7	
294.17	31	1.1	
789.3	72	0.6	
204.45	30	1.1	
419.67	62	0.6	
551.26	68	0.7	
680.12	73	1.1	
177.27	55	1.1	
405.73	60	1.1	
821.1	10	0.7	
504.68	42	1	
52.77	3	0.8	
490.13	47	0.8	
845.37	5	1.2	
181.62	55	0.6	
301.7	26	0.6	
869.02	1	1.4	
89	73	1.3	
880.5	43	1.3	
942.04	72	1	
52.29	36	1.3	
210.33	48	1.3	
898.37	65	1.2	
507.74	45	1.4	
25.9	40	1.1	
478.4	19	1.1	
663.61	16	0.9	
669.37	21	0.6	
578.1	26	1	
434.86	68	0.7	
483.97	59	0.7	
326.47	21	1.4	
230.34	11	1.2	
695.31	64	1	
235.83	1	0.9	
893.79	56	0.9	
698.14	26	1	
71.92	52	1.4	
461.06	68	0.9	
295.6	30	0.6	
622.29	17	0.5	
216.47	33	1.1	
577.89	39	1.3	
624.48	50	0.6	
855.01	68	0.5	
690.17	65	1.3	
761.49	3	0.9	
553.44	72	0.6	
180.66	9	0.6	
483.6	63	1.5	
150.05	63	1.3	
571.96	10	1.1	
195.11	75	0.8	
377.64	4	1.1	
101.44	52	0.9	
949.09	54	1.4	
842.8	66	1.4	
953.03	35	1.3	
65.66	47	0.6	
448.81	41	1.1	
694.82	59	1.5	
83.81	48	1.2	
687.5	33	0.9	
715.03	38	1.4	
366.53	3	1.2	
826.77	4	0.6	
333.94	68	1.4	
345.82	4	1.4	
157.46	64	1	
626.32	15	0.9	
630.2	29	0.5	
788.56	33	0.6	
371.16	48	0.8	
251.48	63	1.3	
908.21	71	1.3	
270.14	19	0.7	
117.38	7	1.2	
108.65	72	1	
880.98	52	1	
588.13	1	0.9	
513.52	64	1.2	
771.36	4	0.6	
395.78	74	0.7	
811.45	48	0.5	
207.09	72	1.1	
774.92	68	1	
949.12	29	0.8	
490.94	72	1	
875.48	55	1	
261.49	25	1.4	
885.84	38	1.4	
462.52	20	1.4	
704.15	31	1.1	
8.14	50	1	
134.61	6	0.8	
378.01	23	0.8	
319.06	71	1.1	
847.53	35	1.4	
711.53	38	0.8	
720.36	61	0.8	
653.61	75	1.5	
898.15	30	0.8	
133.47	17	0.9	
212.99	14	0.7	
885.43	43	1.2	
558.38	46	0.9	
402.42	68	0.7	
574.23	7	1	
322.61	52	0.8	
285.4	71	0.6	
311.54	10	0.9	
220.94	8	1.4	
714.07	28	1	
177.76	51	1.5	
283.78	65	0.9	
626.76	31	0.8	
663.14	55	0.8	
746.96	38	0.7	
223.15	63	1.1	
393.33	69	0.6	
438.26	6	1.1	
361.17	63	1	
98.7	70	1.2	
854.42	40	1.2	
379.39	21	1	
110.95	13	1.2	
190.87	36	1.1	
245.56	38	0.7	
253.31	32	1.4	
804.34	6	1	
709.48	3	0.8	
253.61	17	0.8	
75.84	50	1.2	
645.61	16	0.9	
602.55	69	0.7	
953.16	10	1.2	
613.54	18	1.4	
49.47	33	0.7	
494.44	71	1.4	
138.58	32	0.6	
162.27	65	1.2	
629.3	3	0.7	
821.97	42	0.7	
713.01	67	0.8	
554.51	56	1.4	
515.58	22	1.3	
416.41	48	0.7	
617.48	46	0.6	
552.23	9	1.1	
367.65	8	0.8	
769.26	61	1.2	
335.78	44	1	
356.61	62	1.3	
539.06	57	0.9	
299.21	47	1.1	
172.75	69	1.5	
830.79	63	1.4	
244.18	20	1.4	
787.46	41	1.1	
795.83	10	0.8	
146.22	61	1.4	
570.8	11	1.2	
768.31	20	0.8	
832.1	5	1	
768.23	42	0.7	
310.52	23	0.7	
451.39	31	1.2	
624.86	21	1.4	
670.85	24	1.1	
36.19	1	1.3	
591.95	50	1.1	
536.4	16	1.5	
335.68	22	1.3	
602.61	44	0.8	
95.01	5	1.3	
315.54	16	0.9	
244.38	75	0.5	
4.02	30	1	
518.93	36	0.7	
630.64	16	0.7	
538.97	34	1.3	
649.01	19	0.5	
433.76	38	1.2	
21.37	24	0.5	
338.66	13	0.6	
170.77	72	0.7	
949.36	69	0.6	
4.2	59	1.3	
867.08	42	1.5	
717.67	19	1	
697.81	10	1.1	
119.04	14	0.7	
857.78	70	1.4	
26.43	25	0.8	
214.65	62	0.7	
446.82	68	0.7	
911.3	8	0.9	
867.36	1	1.2	
732.78	18	1.1	
39.44	48	0.8	
931.19	75	0.7	
868.12	74	1.4	
482.91	24	0.6	
26.37	10	0.7	
511.41	29	0.9	
830.01	68	1.1	
283.89	73	1.1	
613.77	37	1.2	
182.05	36	0.8	
767.67	12	1.3	
706.01	49	1.1	
494.71	54	1.2	
705.14	16	1.4	
150.23	31	0.9	
440.08	7	1.2	
60.77	3	1.5	
466.83	23	0.7	
759.63	67	0.9	
424.72	19	1.1	
247.94	68	1.4	
317.1	49	1.2	
168.21	72	0.5	
934.09	74	1.1	
861.53	50	0.6	
642.64	2	1.4	
435.71	5	0.9	
87.87	70	0.8	
287.27	36	1.4	
543.5	35	1.4	
72.33	49	1.2	
674.93	58	0.7	
847.92	10	0.5	
198.44	11	1.5	
732.07	4	1	
102.12	64	1.2	
946.67	55	1.3	
368.94	53	0.6	
607.69	23	0.9	
488.88	39	0.9	
631.13	27	0.5	
946.34	28	0.7	
255.65	27	1.4	
108.35	60	1.5	
33.71	20	1	
451.29	50	1.3	
466.8	63	1.4	
565.35	58	0.6	
216.32	49	1	
49.34	17	1.1	
535.73	26	0.8	
220.99	48	0.9	
389.71	21	0.5	
711.31	14	1.3	
388.63	39	1.5	
703.81	1	1.1	
129.8	60	1.4	
541.68	72	0.7	
307.14	4	0.8	
446.59	18	0.8	
555.51	29	1.2	
142.85	75	1.1	
472.42	70	0.7	
178.02	61	0.8	
544.99	44	1.1	
458.06	70	1.2	
451.18	30	1.1	
497.82	7	0.8	
69.09	1	0.8	
880.12	47	1.5	
452.38	32	0.8	
33.85	52	0.6	
773.26	40	0.6	
648.04	47	0.8	
180.63	46	1.1	
539.17	32	1	
281.27	66	0.6	
558.26	66	1	
439.5	48	1.4	
316.93	68	0.5	
766.09	56	0.7	
551.8	69	1.1	
814.98	42	1.1	
760.57	45	0.7	
55.85	21	0.9	
443.4	25	1.1	
836.84	16	0.6	
326.36	59	0.8	
754.64	42	0.9	
413.51	54	1.1	
132.33	12	0.7	
795.3	7	1.1	
360.24	73	1.4	
408.42	62	0.9	
374.5	56	0.7	
630.76	28	0.9	
193.11	8	0.6	
808.68	40	1.3	
843.93	23	1	
238.22	20	1.2	
313.04	3	1.1	
70.81	17	1.1	
90.43	58	1.5	
62.88	25	1.2	
292.07	70	0.7	
201.51	67	0.9	
337.92	61	0.8	
800.82	55	0.9	
134.66	2	1.1	
688.78	73	1	
203.5	19	1.3	
349.03	34	1.2	
267.95	43	1	
128.75	58	1.2	
118.22	28	1	
319.13	14	1.4	
767.36	72	0.8	
731.78	68	0.6	
104.9	53	0.6	
549.61	23	1.5	
715.1	34	1.3	
6.12	4	1.5	
645.04	38	1.3	
750.87	60	1.3	
730.83	37	1.5	
361.96	50	1.5	
414.31	12	0.6	
206.97	60	1.2	
866.57	45	0.9	
273.67	12	1.3	
323.23	9	1.4	
698.07	45	0.7	
619.65	2	1.1	
542.43	41	0.6	
526.87	38	1.4	
576.75	43	0.7	
749.81	7	1.1	
196.23	1	0.7	
344.51	67	0.6	
831.35	46	1.3	
928.89	28	1.3	
9	43	1.3	
677.42	70	0.6	
279.2	51	1.3	
283.62	13	1.1	
875.25	10	1	
50.18	63	0.7	
912.13	29	1.1	
254.02	52	1.1	
301.24	15	0.7	
508.09	33	1.3	
186.43	73	0.8	
82.65	34	0.7	
268.36	35	1.1	
360.27	59	1.1	
949.13	29	0.9	
191.43	43	0.5	
489.43	73	0.6	
765.6	47	1	
922.1	75	1.3	
335.55	48	1.2	
852.67	23	1.3	
415.45	22	0.7	
65.22	34	0.6	
465.83	35	1.1	
913.48	67	1	
594.48	40	1.1	
589.56	29	1.4	
123.13	60	1.2	
888.33	35	0.7	
658.13	51	1.3	
331.03	70	0.7	
690.75	65	0.6	
930.08	41	0.9	
412.39	54	0.6	
584.95	4	0.8	
742.74	69	0.7	
958.44	21	0.9	
858.67	74	1	
21.46	48	1.1	
448.37	74	1.1	
864.4	2	0.6	
433.94	25	0.7	
711.28	63	1.2	
525.15	25	1.4	
101.57	28	0.8	
73.26	61	1.2	
351.46	36	0.7	
174.98	60	1.1	
362.58	22	0.8	
509.16	40	0.8	
569.85	6	1	
550.17	39	0.6	
253.18	23	1.2	
959.55	65	0.8	
67.2	28	0.6	
778.3	50	1.1	
941.14	47	1.5	
462.84	56	0.5	
445.27	40	0.9	
587.16	70	0.8	
512.22	19	0.9	
956.34	18	1.4	
508.95	7	0.8	
152.87	1	1.1	
609.73	1	1	
361.1	38	0.7	
900.3	38	1.1	
346.94	6	1.4	
429.07	40	1.2	
113.53	58	1	
801.92	58	0.9	
359.84	47	0.6	
363.39	73	0.9	
371.34	51	0.8	
536.75	8	0.9	
251	10	0.7	
71.08	48	1.1	
878.62	34	1.2	
511.3	31	0.9	
117.34	51	0.7	
340.49	66	1.5	
121.86	66	0.6	
258.68	9	1.5	
4.56	42	0.6	
222.1	5	1	
346.07	9	0.5	
457.75	51	1.1	
287.7	33	0.7	
162.83	73	1.1	
587.4	51	0.6	
534.26	47	0.8	
219.55	47	0.6	
552.1	72	0.8	
675.57	15	1.5	
309.57	58	1.1	
367.8	27	1.3	
933.81	43	1.3	
246.9	29	0.8	
472.32	59	0.6	
93.89	68	1.2	
553.08	47	0.9	
265.77	35	1.5	
447.84	2	1.3	
708.78	74	1.1	
851.31	74	0.7	
539.58	30	1	
90.15	69	0.9	
713.12	70	0.9	
597.83	14	0.5	
509.39	46	0.9	
480.76	53	0.5	
471.26	61	1.4	
631.16	39	0.8	
365.75	21	1.2	
668.43	16	1.1	
740.94	49	0.9	
717.33	4	1.3	
796.23	28	1	
463.42	11	1.1	
762.6	10	0.7	
617.75	22	1	
898.54	15	1.2	
249.89	42	1.4	
304.54	48	0.9	
693.51	8	1.2	
750.19	43	1.5	
559.29	73	0.6	
562.07	28	0.9	
497.84	55	0.7	
932.81	24	1.1	
777.72	13	1	
321.35	54	1.1	
503.2	27	0.8	
126.6	4	0.8	
879.63	31	1.1	
160.52	47	1.4	
293.86	11	0.8	
677.39	28	0.5	
410.05	22	0.7	
113.08	61	1.4	
389.9	74	0.8	
476.03	45	1.1	
597.17	52	1.3	
200.54	19	0.7	
593.03	51	1.1	
457.1	18	1.4	
466.81	62	0.5	
233.65	13	1.2	
79.29	49	1.2	
440.98	20	1.1	
470.11	69	0.7	
3.62	57	0.6	
208.49	32	1.1	
230.63	48	1.3	
65.09	4	1.4	
397.03	74	1	
734.94	52	1.3	
791.56	50	0.9	
672.98	21	0.6	
70.23	30	1.4	
268.59	55	1	
310.61	75	0.8	
699.38	35	1.1	
871.27	29	1.1	
50.44	40	1	
26.48	9	1.3	
470.32	24	1.5	
439.45	15	1.4	
930.87	56	0.8	
72.04	14	1.3	
62.86	31	1.5	
585.11	16	1.4	
874.08	20	1.1	
5.56	56	0.9	
749.6	28	1	
274.03	18	0.6	
196.6	62	0.7	
315.48	47	1.3	
726.03	26	1.4	
793.26	72	0.8	
242.49	42	1	
40.08	4	1.3	
109.63	61	1	
437.44	44	1	
702.52	30	1.1	
791.11	4	0.5	
8.89	47	0.9	
346.61	63	0.6	
819.39	3	0.8	
347.12	21	1.4	
400.6	35	0.9	
508.94	1	0.8	
845.67	35	0.9	
949.91	67	0.8	
582.96	6	1.1	
533.82	4	1.1	
575.72	75	1.5	
494.22	58	1.1	
412.14	25	1.5	
163.08	35	1.4	
597.88	42	0.9	
708.39	2	0.7	
939.38	9	1.5	
260.22	24	1.3	
307.43	74	1.3	
780.61	17	0.6	
805.5	50	1.3	
679.7	4	1	
765.95	5	1.5	
172.81	31	1.3	
939.32	66	0.9	
10.56	48	1	
667.13	49	1	
341.15	22	1.3	
426.27	55	1	
670.89	59	1	
613.81	27	0.8	
389.5	62	1.3	
302.99	47	1.3	
641.69	49	1.2	
945.88	65	1.1	
399.42	14	1.5	
853.7	11	0.7	
511.02	39	1	
923.02	53	0.9	
707.21	53	1.5	
773.41	42	1	
571.47	1	0.7	
561.39	8	1.1	
216.01	74	1.3	
763.08	27	0.8	
436.08	56	1.1	
607.7	26	1.4	
97.93	67	1.1	
851.35	49	0.7	
930.19	68	0.9	
608.85	36	1	
398.43	6	0.6	
317.2	54	0.7	
558.72	15	1.4	
200.32	1	1.3	
422.42	50	0.9	
77.51	23	0.6	
640.7	19	0.7	
190.61	70	0.6	
638.72	57	1	
523.36	32	1.5	
725.02	30	1.4	
804.4	52	1.1	
266.55	31	1.1	
318.33	51	1.2	
113.48	37	1.4	
721.06	48	1.1	
305.21	63	0.9	
12.04	71	1	
299.5	54	1.2	
790.54	48	1.1	
854.94	70	1.1	
391.58	16	0.7	
803.04	74	1.1	
922.81	26	0.7	
954.5	8	1.2	
573.46	70	0.7	
124.38	32	1.2	
431.94	56	1.1	
667.89	73	1.4	
768.05	50	0.8	
591.71	24	1.5	
30.63	32	1.2	
470.01	49	0.5	
388.5	47	0.8	
499.52	62	0.6	
915.64	63	1.2	
748.11	57	1.3	
765.6	46	1	
567.19	3	0.8	
79.14	62	1.3	
453.3	40	0.9	
209.86	28	0.8	
789.13	48	1	
725.9	38	1.3	
683.22	32	0.9	
651.66	21	0.6	
600.12	57	1.1	
310.75	7	0.7	
734.48	25	1.3	
950.09	51	1.4	
741.71	2	1.4	
315.64	42	1.4	
50.54	54	1.1	
190.74	7	1.4	
727.77	37	0.6	
19.91	16	0.6	
227.84	45	1.3	
172.49	64	1.2	
9.2	64	0.5	
302.62	20	1.2	
190.26	29	1.4	
772.84	34	1.2	
630.37	51	1.4	
470.02	8	0.9	
559.12	8	0.6	
21.22	25	1.4	
271.84	29	1.1	
746.17	53	1	
453.24	69	1	
259.28	33	0.7	
286.03	37	1.1	
599.27	53	0.5	
490.48	35	1.1	
6.85	9	0.8	
214.88	23	0.7	
661.11	19	0.6	
589.78	71	0.7	
642.08	48	1.1	
330.7	1	1.4	
671.54	8	0.8	
129.54	46	1.4	
143.66	68	0.5	
723.33	50	1.4	
44.78	66	1.1	
65.54	4	1	
853.18	11	1.4	
889.39	44	1	
428.75	28	1.1	
548.79	7	1.5	
814.81	73	0.7	
461.11	34	0.5	
213.71	41	1.5	
690.85	4	1.4	
99.7	33	1.4	
764.78	38	0.9	
620.8	60	1.1	
41.39	21	1.2	
381.77	56	1.4	
640.81	42	1.2	
405.97	23	0.7	
949.75	72	1.3	
861.55	68	1.1	
69.68	53	1.2	
709.45	46	0.5	
959.92	60	1.1	
434.19	48	0.7	
590.3	37	1.3	
365.55	53	1.4	
414.88	4	1	
927.61	66	1.2	
29.35	8	0.9	
182.29	58	1.1	
44.09	69	0.5	
16.42	57	0.6	
522.44	22	1.1	
625.03	23	1.1	
234.58	4	0.9	
566.74	50	1.4	
640.15	59	0.9	
593.08	3	1.5	
663.71	49	0.8	
727.09	27	0.7	
314.13	4	1.1	
122.7	72	1.5	
318.4	69	1	
289.84	75	0.9	
950.6	27	0.6	
884.83	35	0.9	
203.32	57	1.3	
667.72	13	0.7	
620.99	28	0.7	
630.53	60	0.6	
807.27	16	0.8	
419.26	49	0.8	
251.22	70	1	
871.63	24	0.9	
134.49	4	0.8	
576.98	8	0.7	
413.89	49	0.7	
829.07	3	0.8	
294.59	49	1.2	
481.78	24	0.6	
619.29	42	1.3	
155.73	55	0.7	
162.23	41	0.6	
606.47	67	1.4	
623.61	52	0.8	
545.66	32	0.5	
784.51	44	1.4	
521.4	73	1.2	
944.94	20	0.7	
155.92	44	1.4	
471.7	22	0.6	
34.55	41	0.7	
779.76	35	1.1	
392.14	31	1	
813.59	28	0.6	
908.23	28	0.6	
644.62	68	1.3	
843.61	58	1.4	
821.41	17	0.9	
934.35	73	0.8	
730.44	51	0.9	
518.28	61	0.8	
642.13	62	1.4	
339.66	14	1.1	
788.33	30	0.7	
342.78	43	1.4	
829.26	14	0.7	
732.23	66	0.7	
568.67	53	0.6	
517.33	27	1.5	
461.48	39	1	
610.15	13	0.6	
206.88	20	1.4	
30.04	52	1.4	
277.6	53	1.4	
112.9	62	0.9	
771.91	69	0.6	
839.7	24	1.3	
643.44	15	1.4	
85.83	28	1.5	
705.3	26	1.4	
731.09	36	0.7	
423.61	56	0.7	
167.57	16	1.5	
1.04	29	0.6	
551.23	26	1.4	
818.13	66	0.8	
300.17	70	0.7	
228.8	11	1	
809.87	18	0.7	
821.18	5	1.1	
361.21	34	0.9	
724.81	58	0.7	
912.22	69	0.8	
566.47	18	0.9	
406.96	28	1	
107.43	27	1.4	
466.48	44	1.3	
800.62	73	0.7	
495.31	50	0.6	
436.23	47	1.4	
493.45	21	1.1	
913.66	44	0.6	
546.89	31	0.7	
905.7	18	1	
480.37	25	1	
592.38	65	1.4	
482.37	34	0.7	
227.06	37	1.1	
425.47	48	0.7	
289.79	14	1.1	
863.94	24	1	
43.49	6	0.9	
194.82	31	0.8	
201.12	39	1.2	
628.21	74	0.6	
326.66	34	0.9	
217.37	3	0.7	
943.81	73	1.4	
427.85	54	1.4	
754.36	74	1	
739.08	53	0.8	
136.25	9	1.4	
558.68	4	0.6	
451.36	23	0.7	
341.41	11	1.3	
757.27	71	1.2	
558.92	26	0.7	
907.67	36	1.2	
524.46	63	1	
665.32	51	0.9	
926.62	1	1.2	
10.82	7	0.6	
179.52	67	1.1	
363.89	38	1.5	
11.35	61	1.1	
540.63	67	1.5	
50.44	26	1.1	
336.39	8	1.4	
755.64	63	1	
177.41	74	1.4	
328.17	60	1.3	
41.37	71	0.9	
431.46	62	0.8	
946.59	24	1.3	
657.24	50	1	
515.81	8	1.4	
796.81	39	1.2	
464.94	49	0.9	
257.74	15	1.1	
441.59	32	0.7	
426.93	14	0.8	
85.82	66	0.5	
341.09	3	0.9	
847.4	66	0.7	
474.57	52	1.4	
943.04	35	1.1	
802.58	67	0.8	
345.43	32	0.9	
23.39	37	0.8	
845.04	25	1.5	
548.2	8	1.2	
539.52	71	1.3	
238.06	3	0.9	
333.4	37	1	
78.16	71	0.8	
228.56	38	1.2	
84.63	35	0.6	
911.85	22	1.1	
664.06	57	0.6	
466.13	64	1.3	
254.17	16	1	
634.02	61	0.6	
461.45	34	0.7	
504.44	47	0.6	
712.51	18	0.7	
470.51	64	1.2	
354.04	59	1.2	
348.2	44	1.3	
58.51	68	1	
357.96	62	1.3	
350.81	53	0.6	
830.63	46	1.1	
3.06	12	0.8	
805.08	72	1.1	
391.6	7	0.7	
881.62	57	1.4	
180.63	35	1	
952.58	29	0.6	
341.66	3	1.1	
384.83	33	0.9	
534.89	60	1	
736.41	18	1.4	
530.43	49	1.4	
757.87	70	0.6	
279.67	30	0.7	
325.68	9	0.5	
894.11	18	1.1	
216.86	25	0.5	
486.11	20	1.3	
938.98	68	1	
896.75	39	0.9	
843.84	66	0.8	
86.66	20	1.2	
444.77	19	1	
488.93	20	0.5	
382.76	74	1	
276.13	5	1.4	
504.09	60	0.9	
177.93	31	0.8	
186.84	24	1.4	
89.84	12	1.3	
535.62	47	1	
627.98	51	1.2	
167.35	22	0.7	
188.51	7	1.4	
115.47	14	1.1	
443.79	64	1.1	
431.17	49	1.2	
99.14	44	1	
446.5	61	1.4	
275.39	20	0.7	
341.38	39	0.8	
191.15	28	1	
523.6	28	0.7	
836.77	62	1.2	
912.58	56	0.7	
786.13	37	0.9	
584.24	54	0.9	
15.8	23	1.5	
879.74	51	1	
930.05	65	1.1	
605.09	27	1.4	
47.26	25	1.4	
536.6	35	0.8	
95.62	53	0.7	
428.36	56	0.9	
925.83	63	1.3	
286.67	36	1.3	
312.88	20	1.4	
493.17	33	1.3	
850.29	39	0.5	
707.34	1	0.8	
665.3	11	0.7	
749.65	40	1.4	
675.07	60	1	
34.52	33	1.5	
498.65	46	0.9	
145.82	72	1.3	
619.88	75	0.7	
932.69	65	1.1	
469.48	34	0.9	
499.21	2	0.6	
172.82	50	1.3	
582.12	51	0.9	
29.67	25	1.3	
277.46	1	0.6	
937.23	57	1	
92.45	2	0.9	
583.36	68	1.3	
694.51	11	1.4	
716.86	24	1.4	
639.04	48	1.4	
802.11	59	1.1	
340.77	52	0.6	
529.13	54	1.1	
275.34	68	1.1	
843.93	1	1	
28.43	31	0.9	
640.46	2	0.6	
62.13	52	1.2	
291.38	44	1.3	
4.6	74	1.1	
332.67	52	0.6	
731.47	74	0.6	
503.87	49	0.9	
767.72	19	0.8	
693.94	61	0.6	
290.32	36	1.4	
168.6	17	0.5	
254.51	57	0.9	
762.64	37	1.3	
446.21	6	0.9	
94.67	7	0.5	
547.06	70	0.7	
756.94	50	1.2	
304.21	32	1.3	
284.33	59	0.6	
481.9	15	1.5	
297.8	33	1.3	
241.97	66	0.8	
955.07	16	1.5	
624.9	26	1.4	
477.74	21	1.3	
736.54	42	0.7	
35.96	58	0.6	
648.22	50	1.1	
902.28	26	1.1	
353.95	13	0.7	
81.38	35	1.1	
927.56	65	0.6	
355.83	23	1.3	
199.81	65	1.2	
574.88	25	0.6	
570.36	72	0.5	
118.38	63	0.6	
226.19	53	0.9	
275.63	54	0.6	
447.51	23	0.6	
24	24	1.2	
777.37	53	1.3	
589.71	24	1.4	
133.55	20	0.7	
787.01	45	0.7	
794.21	60	1.2	
127.93	65	0.9	
682.4	46	0.7	
326.17	4	1.3	
504.07	74	1	
721.89	13	0.5	
637.95	34	0.9	
472	69	0.7	
160.35	5	1.5	
609.33	62	0.5	
440.85	46	1.3	
667.23	34	0.9	
822.98	7	1	
229.81	33	0.9	
45.27	29	0.8	
664.55	47	1.2	
688.3	68	0.7	
11.3	32	1	
341.38	18	0.5	
631.2	46	0.9	
604.14	63	1	
477.81	19	1.1	
91.59	34	1.3	
244.06	4	1	
662.75	40	1.3	
88.28	18	0.5	
50.72	65	0.5	
703.83	66	1	
391.82	71	0.8	
306.19	33	0.9	
272.64	40	1	
311.65	4	0.8	
540.72	64	0.9	
419.3	23	1.1	
347.67	63	1.3	
55.98	30	1.2	
466.4	62	0.7	
258.6	65	1	
27.88	70	0.5	
712.48	66	0.8	
300.61	24	1.2	
485.11	23	0.8	
258.87	3	1.1	
144.06	75	1.4	
547.18	37	1.3	
242.99	9	1.5	
929.5	18	0.8	
483.28	38	1	
155.34	44	1.2	
397.03	67	1.3	
872.64	36	0.9	
83.64	23	1.4	
562.35	9	1	
402.36	56	0.5	
922.65	74	1.3	
301.22	60	0.8	
815.7	56	1.4	
93.72	61	1.2	
797.18	68	1.3	
712.68	19	0.9	
232.42	39	0.6	
811.62	57	1.4	
743.21	40	1.4	
450.45	43	0.7	
690.37	21	1.2	
902.11	21	0.8	
149.41	7	0.7	
900.44	45	0.7	
253.26	27	1.5	
656.73	69	0.7	
639.19	53	0.5	
542.51	28	0.7	
128.63	3	1.4	
158.88	61	1.1	
440.62	21	0.6	
618.42	68	1.3	
425.08	13	1	
672.49	75	1	
322.22	75	1	
746.85	43	1.4	
12.13	5	0.9	
548.57	18	1.4	
445.21	65	1.2	
569.59	24	1.3	
873.58	22	0.7	
375.04	23	1.5	
915.22	26	0.9	
687.82	16	1.3	
482	64	1	
374.6	61	0.8	
858.9	36	1.3	
892.1	74	1.1	
269.56	28	1.4	
105.55	64	0.9	
222.51	70	0.7	
84.19	34	0.7	
67.45	28	0.9	
339.62	34	1.4	
72.38	51	1	
733.77	60	1.2	
553.11	72	1	
861.16	12	1.3	
728.71	26	1.4	
647.62	60	1	
522.2	15	1	
251.15	59	1	
106.95	35	1.3	
733.58	15	0.5	
68.78	36	1.5	
889.54	40	1.4	
52.63	13	1.4	
356.29	29	0.7	
834.94	16	1.3	
589.07	22	1.3	
718.22	64	1.1	
126.43	57	1.1	
457.9	45	1.4	
743.22	13	1.1	
62.32	61	1.5	
259.83	61	0.8	
600.05	5	1.4	
110.92	55	0.6	
234.11	26	0.9	
587.43	11	1.1	
94.34	41	1.4	
890.04	48	1	
57.67	2	0.6	
51.99	47	0.7	
534.94	6	1.1	
111.54	65	1.5	
813.56	12	1.5	
371.88	36	0.6	
849.9	14	0.7	
215.92	37	0.5	
146.68	54	0.7	
167.11	20	1.5	
650.11	33	1	
273.02	71	0.6	
692.01	35	1.4	
947.37	23	1.3	
495.65	60	0.7	
156.19	74	0.6	
861.8	53	1.3	
556.75	2	1.4	
658.26	67	0.9	
81.44	43	1.2	
380.06	2	1.2	
554.04	43	1.1	
885.39	59	0.9	
231.73	24	1.2	
662.39	45	0.8	
942.78	27	1.2	
728.78	6	1.4	
826.55	62	1	
101.36	65	1.4	
249.42	33	0.5	
867.64	62	0.6	
766.24	56	0.6	
889.73	5	1.4	
862.98	60	1.3	
933.63	37	0.7	
560.62	67	1.3	
556.27	75	1	
234.01	60	0.8	
712.12	23	1.4	
960.76	36	0.6	
140.76	4	0.9	
945.63	1	1.1	
851.18	41	1	
552.75	38	1	
137.27	29	1.5	
13.84	57	1	
917.34	63	1.2	
901.82	29	1.1	
586.78	59	0.9	
369.18	71	0.8	
73.93	13	0.6	
734.89	62	1.2	
202.48	34	1.4	
836.36	40	1	
585.21	22	1.3	
959.4	44	0.7	
43.35	44	1	
103.34	3	1.3	
606.69	10	1	
275.8	67	1	
493.56	4	0.8	
435.78	35	1	
789.16	54	1.1	
910.94	64	1	
477.76	57	1.4	
647.78	70	1.5	
861.15	58	1.2	
459.19	29	0.5	
624.22	37	1.4	
124.2	16	0.7	
361.85	75	1.3	
407.72	10	1.2	
520.15	24	1	
504.76	16	1.1	
953.35	1	1	
562.37	46	1.2	
765.59	17	0.9	
344.74	8	1.1	
568.89	12	1.3	
719.77	43	1.3	
264.63	4	0.5	
901.79	3	0.5	
850.14	61	0.9	
711.53	64	1.1	
654.64	15	0.5	
402.95	37	1.3	
814.64	41	0.7	
255.61	13	0.6	
806.66	13	1	
440.86	59	1.5	
30.93	19	1.3	
10	28	1.1	
132.04	69	0.8	
92.71	21	1.4	
406.51	41	0.8	
593.14	45	1	
402.86	74	1.2	
70.12	70	0.6	
851.03	15	0.7	
555.72	5	1.2	
815.54	69	0.8	
212.92	25	0.8	
523.84	27	0.9	
637.69	73	1.1	
899.59	55	1.5	
614.53	74	1.3	
752.75	2	1.4	
364.15	9	1.3	
115.29	69	1.1	
171.13	9	1.2	
777.74	74	1.1	
923.83	50	1.4	
876.53	66	0.8	
301.69	72	1.4	
950.52	70	0.5	
692.85	35	1.1	
717.18	7	0.8	
710.56	63	1	
348.17	47	0.5	
956.89	19	1.4	
191.4	45	1.5	
918.97	72	0.9	
896.34	57	1.1	
704.05	56	1.4	
340.63	9	1.4	
836.51	13	1.1	
484.28	73	0.7	
570.58	33	1.1	
532.26	63	1	
758.34	46	0.7	
871.77	34	0.7	
641.42	13	1.2	
736.88	73	1.1	
338.58	3	1.4	
594.57	11	1.4	
196.94	27	1.4	
263.5	44	1.3	
745.03	50	0.6	
732.72	38	1.5	
377.26	38	1.3	
254.21	43	1.3	
344.92	10	1.2	
552.87	23	1.4	
944.87	44	1	
331.79	10	1.3	
466.39	55	0.6	
353.21	73	0.9	
586.38	62	1.3	
776.27	64	1.1	
344.69	22	0.8	
6.54	8	1.1	
823.44	75	0.7	
798.31	20	0.9	
417.1	17	0.7	
834.54	6	0.8	
602.99	4	1.2	
559.7	59	0.5	
915.1	56	0.6	
113.06	45	1	
6.38	2	1.3	
443.39	64	0.5	
137.03	67	1.4	
25.91	25	0.8	
696.76	32	0.9	
417.43	28	1.3	
509.16	61	0.6	
891.32	20	0.9	
433.76	3	1.2	
609.96	26	0.9	
397.94	22	1.4	
142.9	46	1	
424.24	9	1.3	
53.78	62	1.5	
820.45	59	1.4	
93.77	7	0.9	
647.35	2	1.2	
291.95	71	0.7	
555.41	39	0.5	
389.9	72	0.7	
312.18	71	1.1	
957.67	17	1	
921.15	59	0.8	
705.81	11	1.3	
435.72	53	1.5	
433.85	38	1.1	
662.07	55	1.3	
532.96	56	1.4	
928.56	60	1.5	
820.25	43	0.8	
929.62	11	0.8	
818.53	72	0.7	
345.51	44	0.9	
127.9	42	1.3	
898.52	17	0.8	
329.07	32	0.7	
358.03	6	0.6	
203.06	65	0.6	
683.71	31	1.5	
341.2	40	1.1	
554.94	71	1.4	
274.85	72	1.1	
718.1	31	0.8	
118.3	24	0.6	
937.66	46	0.7	
183.06	55	0.6	
256.03	69	0.9	
699.57	72	0.7	
5.92	37	1.3	
754.81	67	0.9	
341.81	57	1.3	
444.93	68	0.8	
829.45	38	1	
660.81	52	1.5	
747.62	59	0.8	
786.42	71	1.1	
771.01	16	1.4	
434.31	38	0.8	
759.64	31	1.3	
733.96	50	1.2	
5.75	1	0.6	
617.93	8	0.6	
195.96	52	1.5	
350.53	48	1.1	
791.43	56	0.8	
935.77	15	1.4	
554.51	25	0.9	
169.05	26	1.2	
543.97	34	1	
890.28	23	1.5	
793.92	48	1	
170.26	46	1.2	
602.37	21	1	
935.83	29	0.6	
585.08	6	0.9	
318.35	26	1.4	
566.6	54	1.5	
662.84	45	0.9	
655.54	57	0.7	
118.07	64	1	
941.97	54	1.2	
638.53	28	1.2	
923.78	35	0.8	
654.31	41	0.8	
603.05	61	0.6	
252.84	10	0.5	
245.22	57	1.4	
302.28	18	0.6	
59.96	49	1.4	
789.78	37	0.7	
606.08	55	0.8	
433.81	48	0.7	
109.38	43	1.2	
907.16	37	1.2	
66.35	46	1.4	
152.1	57	1.1	
742.58	40	1	
39.35	54	0.6	
427.56	12	0.6	
484.84	71	1.3	
522.23	35	1.1	
260.39	8	1.1	
45.72	39	0.9	
152.5	24	0.6	
829.61	64	1.3	
456.5	36	1.3	
624.75	8	0.9	
605.96	22	1	
743.24	11	1.4	
579.66	25	0.7	
729.93	23	0.7	
614.83	15	0.9	
760.16	23	0.8	
525.66	18	1.2	
876.17	59	1.2	
44.79	22	0.9	
950.11	12	1.2	
122.7	66	1.2	
890.06	66	0.5	
749.77	21	0.5	
483.17	28	0.6	
308.33	15	1.4	
699.72	37	0.7	
121.81	12	0.7	
150.65	64	0.8	
575.14	18	0.9	
770.89	8	0.6	
588.56	46	0.5	
549.01	43	0.7	
497.42	8	1	
482.7	4	1	
625.74	74	1	
16.03	47	1.3	
413.48	68	0.8	
300.82	46	1.4	
858.97	7	1	
358.43	42	0.5	
370.37	2	1.1	
740.8	44	0.9	
86.6	3	1	
889.45	66	0.9	
919.9	60	1.3	
58.86	3	1.3	
2.2	12	1	
225.05	42	0.8	
847.23	52	1.2	
322.1	65	1.1	
672.96	33	1.4	
106.55	23	1.3	
935.18	8	0.7	
554.84	75	1.1	
236.88	64	0.7	
707.73	4	1.1	
859.96	41	1	
272.53	1	1.2	
459.37	31	1.4	
123.72	40	0.6	
835.93	23	0.6	
419.15	51	1.2	
256.57	45	1.3	
588.91	48	0.8	
439.24	59	1.5	
159.01	16	1.1	
210.37	70	1.5	
590.65	12	1.5	
942.54	35	1	
98.26	50	1.1	
386.85	52	0.5	
875.38	19	0.8	
164.97	4	1.1	
766.36	49	1.5	
227.33	29	1.2	
583.32	41	1.2	
923.84	48	1.4	
612.2	62	1	
188.4	15	0.7	
357.61	48	1	
306.77	27	0.9	
444.45	68	1.4	
484.27	48	0.9	
13.67	19	0.7	
284.97	16	1.2	
610.35	72	1.3	
412.21	54	0.5	
183.8	19	0.6	
340.75	42	0.5	
461.68	38	1.4	
238.98	41	0.7	
32.25	51	1.2	
264.55	37	0.9	
1.72	44	0.8	
333.17	34	0.5	
585.16	27	0.7	
728.67	36	1.1	
401.12	31	1	
265.78	3	0.5	
560.03	28	0.6	
27.51	63	0.7	
436	33	1.4	
928.44	21	0.9	
8.39	63	1.3	
445.92	32	0.7	
395.53	38	0.8	
535.91	74	1.4	
45.71	19	0.9	
439.72	15	0.9	
831.62	7	1.5	
606.59	66	0.7	
431.78	68	1.3	
304.44	58	0.8	
357.52	37	0.7	
812.1	44	1.2	
864.68	25	0.6	
150.74	55	1.4	
787.08	73	1.5	
194.06	15	0.5	
801.18	75	1.1	
276.86	47	1.1	
41.09	56	1.4	
343.4	17	1	
15.96	8	0.6	
630.96	74	0.8	
951.73	57	0.9	
524.9	44	1.3	
121.93	19	1	
388.15	9	1	
170.82	72	1.2	
766.47	53	1.1	
693.32	31	0.9	
569.3	58	1	
232.45	62	1.4	
220.29	40	1.3	
303.25	36	1.4	
580.96	48	1.2	
314.94	52	0.8	
239.8	31	1.3	
866.87	33	1.1	
597.77	58	1.3	
512.16	18	0.7	
523.91	70	1.3	
51.08	44	0.9	
1.02	66	1.2	
938.49	14	0.9	
676.86	1	0.7	
691.32	32	1.2	
189.2	26	1.5	
36.77	33	0.8	
299.48	4	0.5	
145.84	59	1.2	
228.64	66	0.9	
33	68	0.7	
264.6	26	1.5	
717.25	73	1	
494.22	23	1.3	
66.5	56	1.3	
56.78	64	1.1	
361.21	72	0.7	
902.82	15	0.7	
878.62	64	1	
333.49	1	1.3	
561.46	3	1.4	
243.91	32	0.9	
668.05	15	0.9	
512.24	22	0.7	
200.26	20	0.8	
424.05	67	0.6	
695.31	44	1	
205.29	51	1	
252.94	12	0.9	
884.36	4	1.1	
163.75	22	1.3	
630.56	39	0.5	
505.11	47	1.1	
262.01	3	1	
259.06	24	1.3	
925	65	0.9	
950.37	39	0.9	
869.16	8	1.4	
513.96	65	1.1	
333.37	40	1.4	
356.51	53	0.9	
114.65	70	0.8	
879.52	54	1.1	
622.93	9	1.4	
47.66	46	1.2	
556.46	21	0.5	
29.01	6	1	
821.45	32	1.3	
239.38	56	1.4	
204.59	15	1.4	
495.28	21	0.6	
13.46	49	0.8	
883.72	66	0.6	
36.48	13	0.9	
166.86	3	1	
496.49	11	0.8	
610.73	72	0.6	
359.39	32	1.5	
883.06	10	1	
296.51	57	1.1	
872.56	43	0.9	
295.94	66	0.7	
612.84	67	1.3	
68.86	64	1.2	
606.18	59	1.1	
161.72	6	0.7	
776.97	7	1.1	
928.09	59	1.3	
830.21	36	0.8	
125.58	5	1.4	
277.59	14	1	
917.48	65	1.2	
901.25	73	1.2	
855.76	60	0.6	
814.22	70	1.3	
166.08	23	0.6	
754.54	48	1.4	
617.03	37	1.2	
9.52	57	0.9	
208.18	72	0.7	
583.78	18	0.7	
336.14	31	1.3	
383.41	23	0.9	
577.69	67	0.8	
354.26	62	0.7	
535.32	67	1.3	
178.07	59	0.6	
916.63	41	0.9	
213.58	6	1.2	
625.52	8	0.6	
291.8	73	0.7	
814.53	43	0.9	
783.39	43	1.1	
653.22	18	0.7	
923.91	30	1.4	
422.31	72	0.7	
445.8	4	1.1	
447.25	54	1	
447.58	68	0.5	
321.9	60	1	
437.44	7	0.6	
813.64	74	0.9	
632.52	9	0.7	
299.53	59	1.2	
233.98	39	1.2	
459.2	8	1.3	
233.67	61	1.5	
688.24	57	0.6	
947.54	20	1	
606.48	65	1.1	
907.14	8	1.4	
491.96	7	1	
789.26	33	0.8	
955.04	65	1.3	
849.02	61	0.9	
61.17	1	1	
388.72	47	0.7	
386.01	22	0.7	
637.58	71	1.3	
816.75	74	0.6	
591.89	16	1.4	
879.36	12	1.1	
493.94	42	1.5	
336.38	6	0.9	
878.71	63	1	
555.15	33	0.8	
401.04	26	1.3	
344.66	53	0.6	
591.31	21	0.6	
522.65	13	0.7	
395.44	72	0.6	
25.46	23	0.8	
383.38	24	1	
162.83	33	1.1	
271.09	1	0.9	
802.24	30	1.3	
571.06	72	0.8	
902.59	37	1.3	
549.01	13	1.1	
669.08	12	1.3	
225.19	70	1	
900.68	35	0.7	
271.32	58	0.6	
222.56	4	1.5	
534.77	74	1.1	
757.8	51	1.2	
773.07	54	1.2	
181.72	63	0.6	
510.76	64	1.4	
745.44	46	1	
469.61	32	0.6	
750.48	37	0.8	
89.45	44	0.8	
960.28	26	0.5	
832.24	59	0.7	
514.17	54	1.4	
93.96	2	1.1	
133.03	46	0.7	
829.48	5	1.3	
28.95	14	0.9	
562.39	75	1	
472.9	3	0.9	
345.81	74	0.8	
620.1	21	1	
650.67	65	1.4	
590.96	5	0.7	
214.73	58	1.4	
152.39	25	1	
427.86	60	0.8	
858.07	31	0.5	
397.51	31	1.2	
672.87	8	0.9	
281.48	9	1.4	
954.88	51	0.5	
903.5	3	1.2	
253.56	47	1.2	
779.88	46	1.4	
103.92	36	0.6	
363.04	32	1.3	
518.95	43	1.1	
698.62	2	0.6	
375.87	38	1.3	
248.17	15	1.1	
470.02	28	1.4	
387.34	64	1	
934.17	17	0.6	
31.38	51	0.8	
554.09	4	0.7	
453.31	17	1.3	
284.55	31	1.4	
317.24	51	1.1	
156.59	13	1.1	
427.66	44	0.8	
448.03	33	1	
56.28	35	0.6	
8.52	51	0.6	
659.8	70	1	
598.28	7	1.3	
355.49	9	1.3	
329.92	9	0.9	
835.32	65	1.1	
176.3	69	1.2	
734.14	73	0.8	
347.52	24	1	
952.41	33	1	
97.72	35	1.4	
498.63	30	1.2	
411.48	24	1	
201.39	71	1.3	
39.96	18	0.6	
304.52	38	1.3	
613.42	68	1.1	
131.71	2	0.6	
579.02	19	1	
298.72	7	0.5	
695.29	19	1.3	
840.49	12	0.7	
417.49	55	0.8	
929.51	38	0.7	
575.51	44	1.2	
836.22	51	0.9	
227.84	5	1.2	
816.6	17	1	
126.44	75	1.1	
721.22	48	1	
287.15	32	0.8	
28.31	62	1	
913.88	18	1.1	
535.71	19	0.7	
301.48	13	0.5	
77.59	5	0.8	
336.93	55	1.3	
276.49	74	1.4	
770.55	1	0.7	
563.13	70	0.6	
463.64	14	0.8	
342.54	2	1.3	
485.35	3	0.7	
726.73	21	0.8	
244.77	60	1.3	
509.85	34	0.6	
603.61	16	1.4	
192.7	51	1.2	
385.65	25	0.8	
17.15	58	1.3	
770.11	9	0.9	
959.66	72	1	
322.88	17	0.8	
734.24	36	0.7	
61.33	74	0.6	
89.8	67	1	
410.05	4	0.9	
584.02	58	0.6	
95.58	37	1	
525.69	6	1.3	
363.84	44	0.6	
679.23	45	1.1	
342.53	40	0.9	
538.77	8	1.1	
378.81	30	1.3	
694.34	28	0.8	
487.81	29	1.1	
79.02	47	1.2	
726.81	41	0.7	
423.12	69	1.1	
60.75	74	1	
589.5	70	0.8	
393.59	43	0.9	
951.58	4	1	
695.48	53	0.8	
234.44	14	0.9	
12.91	42	0.7	
486.14	55	1	
327.72	17	1.3	
84.03	74	0.8	
795.17	58	1	
896.31	5	0.8	
51.93	5	1.4	
203.93	75	0.7	
595.21	32	1.3	
820.88	12	1.1	
395.5	30	0.6	
692.06	37	0.6	
560.62	52	1.1	
466.43	15	1.1	
889.02	64	0.8	
930.1	49	0.6	
69.67	55	1.2	
556.43	44	0.7	
623.65	58	0.9	
911.53	56	1.2	
624.54	36	0.7	
709.17	14	1.5	
949.12	39	1.2	
593.06	61	1.4	
693.26	28	1	
592.23	39	1.1	
17.59	12	0.7	
390.69	21	1.2	
630.6	60	1	
680.94	48	1.1	
121.41	69	1.2	
366.65	67	0.9	
955.48	64	0.8	
818.05	75	1	
784.41	15	1	
367.71	21	1.1	
899.64	25	1	
191.42	62	1.2	
948.88	46	0.6	
140.56	28	1.2	
869.53	56	0.7	
296.27	54	0.6	
912.55	71	1.1	
704.22	48	1.1	
520.48	71	0.7	
48.17	39	0.5	
832.04	21	1	
644.36	21	1.3	
9.45	52	1.5	
342.78	44	1.4	
181.28	48	0.9	
949.01	49	1.4	
949.89	12	1.1	
337.82	54	0.7	
15.9	48	1.5	
809.87	69	1	
199.36	69	1.1	
122.63	19	0.6	
126.51	62	0.7	
628.06	27	0.8	
747.75	67	1.1	
400.27	69	1	
726.15	52	0.8	
567.97	6	0.7	
41.19	66	1.1	
536.81	62	0.7	
809.12	65	0.8	
917.26	68	1.4	
913.84	35	0.6	
552.13	32	0.7	
901.08	5	1.4	
316.24	6	0.5	
387.02	59	1.1	
736.34	70	1.2	
351.88	56	0.8	
493.97	32	0.6	
212.32	27	0.6	
95.5	59	1.3	
605.26	60	0.8	
53.57	29	0.9	
742.37	73	1.3	
639.95	58	0.5	
571.51	46	1.1	
683.75	44	1.4	
430.39	18	0.7	
788.56	9	0.8	
91.38	65	1.4	
458.06	69	1.5	
426.64	21	1.4	
31.51	60	1.3	
191.86	31	1.5	
698.49	21	1.4	
477.1	14	1	
234.07	28	1.2	
396.4	10	1	
744.35	6	0.9	
316.98	15	0.6	
413.67	12	0.7	
564.62	61	0.8	
482.12	46	1.1	
708.79	20	1	
202.01	31	0.9	
318.38	64	0.7	
856.87	2	1	
281.83	13	1.5	
673.69	10	0.9	
103.74	70	1.1	
120.26	72	1	
707.33	54	1.3	
422.76	41	1.2	
180.04	45	1	
434.94	71	0.9	
130.37	27	1.4	
897.9	12	1.1	
919.84	52	1.3	
369.97	49	0.8	
857.32	38	0.8	
466.95	1	1.1	
945.57	30	0.6	
666.22	19	0.8	
624.14	70	1	
111.02	1	1.4	
500.85	73	0.9	
465.92	56	1.4	
68.7	2	0.6	
888.2	33	0.8	
936.72	28	1.3	
24.64	69	1.1	
377.05	32	0.5	
836.48	41	0.5	
85.15	54	1.3	
159.19	63	0.8	
470.8	4	1.3	
805.19	26	1.2	
314.46	19	1.2	
89.14	33	1.4	
70.15	73	0.9	
14.13	59	1.3	
173.36	49	0.9	
704.91	61	0.6	
384.21	33	0.8	
858.99	6	1.2	
692.58	36	1	
439.33	12	0.5	
687.2	21	0.7	
771.48	35	0.9	
905.25	27	1.4	
715.11	13	1.2	
316.77	3	0.7	
562.31	72	0.8	
929.34	60	1	
264.52	61	1	
957.46	57	0.7	
104.79	12	1.5	
307.73	64	0.8	
312.92	16	1.2	
889.72	62	0.9	
416.49	26	0.8	
943.49	45	0.8	
562.14	47	1.1	
391.95	12	0.5	
886.2	48	1.4	
940.43	64	1.4	
384.36	8	0.7	
640.5	18	0.7	
212.87	74	0.9	
680.88	21	1.2	
82.08	31	1.1	
139.28	36	0.7	
853.27	20	1.2	
184.98	31	0.7	
284.14	68	0.8	
928.31	18	1	
534.45	64	1.1	
797.99	45	0.6	
492.86	23	1.1	
847.45	21	0.6	
756.95	17	0.6	
144.23	48	1.5	
471.45	61	1.1	
448.69	45	0.9	
314.36	21	1.4	
348.45	42	1.2	
6.23	11	1.4	
797.86	35	0.7	
164.52	20	1.2	
397.74	48	1.3	
472.26	19	1.2	
503.42	24	1.1	
827.27	16	1	
439.03	31	1.4	
56.15	62	0.6	
697.62	10	0.5	
533.53	74	0.7	
459.76	65	1.5	
84.16	55	1	
171.95	28	1.4	
809.92	54	0.9	
21.15	63	0.8	
908.6	63	1.2	
636.66	16	1.3	
853.05	71	0.9	
625.91	51	0.9	
460.17	31	1.2	
130.64	1	1.5	
287.17	17	0.6	
944.33	34	0.9	
718.42	73	1.2	
875.68	68	1.4	
188.55	16	0.7	
694.87	41	0.6	
27.62	60	1.4	
506	27	1.4	
199.75	6	1.2	
277.65	66	0.5	
309.33	72	0.8	
131.26	13	0.9	
586.55	65	0.5	
131.26	25	1.4	
598.47	17	1.1	
468.31	8	1.2	
529.94	29	0.7	
945.65	36	1.1	
833.55	32	1	
624.45	51	0.9	
195.41	71	0.9	
596.03	57	0.6	
867.21	60	0.8	
791.67	39	0.8	
821.4	12	1.3	
924.76	14	1.2	
907.13	32	0.7	
598.99	8	0.6	
298.33	38	0.9	
490.6	48	1.3	
812.71	5	1	
286.92	75	0.8	
509.56	30	1.4	
206.67	4	0.7	
57.28	34	0.7	
375.4	52	1.2	
275.08	73	1.3	
200.92	47	1.3	
440.16	44	0.9	
293.6	66	1	
558.62	37	1.1	
654.72	52	0.6	
198.04	65	0.8	
247.36	21	1.2	
828.41	71	0.8	
487.83	63	1.4	
539.39	10	1.1	
937.14	29	1.2	
461.53	1	1.3	
39.72	25	1	
930.38	58	1.1	
446.39	29	1.3	
531.63	2	0.8	
709.84	13	0.8	
895.88	25	1.3	
937.71	59	1	
259.16	10	0.7	
21.29	38	1.3	
63.07	10	1.4	
201.23	6	0.7	
753.45	38	0.8	
924.68	23	0.6	
			
			
			
